24627096
21715751
23014838
1812074
38777
2179152
188261
2420129
25821138
18349355
1028380
251516
2142100
7593870
205730
1204153
164293
64658
356006
816551
2017275
748487
1911336
252970
59759
522054
95926
799643
1357808
59545
1192196
749300
541660
159250
347906
72549
518745
793974
597064
1297818
32962
173535
385577
140664
441753
658670
81496
152688
60482
886052
130705
56770
54273
505115
84209
149226
33344
334027
56599
166948
192582
291050
148839
118897
508692
62085
82718
259429
66145
114051
101449
108408
85545
86734
166598
69837
89204
30485
65797
242986
53152
46370
140386
29401
38403
174237
116942
54604
31794
34463
23334
45899
58474
148324
70963
23340
67858
47527
89278
80748
119807
36137
55486
78557
37441
68868
73199
25628
41089
50233
38931
85004
55011
72240
31399
39082
51298
46559
37106
25496
36705
73339
26733
25676
31258
92253
54355
28878
28664
47358
36719
63981
46516
44964
29256
35782
36957
34055
45072
34190
36757
38477
32659
21701
37357
36095
37335
24909
