32079331
60189558
85476494
109018765
132532477
136199829
137547960
137636728
137724093
137810360
137887333
137963557
138036648
138103379
138169818
138232388
138290173
138340798
138388209
138435195
138480315
138524726
138568830
138612213
138651254
138688360
138725273
138761755
138796276
138830635
138863955
138897271
138928731
138958314
138986619
139014075
139041522
139067637
139093477
139119282
139144980
139170540
139196077
139220580
139244960
139268198
139291080
139313684
139335605
139356679
139377442
139397398
139416922
139435221
139451378
139466900
139482317
139497385
139512368
139527055
139541558
139555757
139569855
139583883
139597889
139611829
139625764
139639670
139653223
139666772
139680273
139693728
139707183
139720599
139733993
139747310
139760566
139773800
139786957
139800065
139813144
139826000
139838848
139851675
139864389
139877070
139889724
139902356
139914988
139927524
139940037
139952496
139964920
139977344
139989743
140002111
140014465
140026652
140038800
140050942
140063037
140075071
140087098
140099100
140111101
140123086
140135069
140147027
140158978
140170785
140182548
140194291
140205860
140217382
140228880
140240310
140251530
140262678
140273804
140283895
140293760
140303128
140312469
140320815
140328822
140336544
140343858
140350981
140357984
140364920
140371820
140378680
140385540
140392365
140399063
140405609
140412005
140418299
140424536
140430729
140436805
140442867
140448908
140454908
140460892
140466860
140472812
140478727
140484618
140490450
140496222
140501920
140507484
140513039
140518559
140524024
140529487
140534874
140540257
140545617
140550941
140556264
140561580
140566861
140572093
140577282
140582464
140587562
140592623
140597683
140602740
140607766
140612766
140617762
140622756
140627742
140632709
140637648
140642581
140647498
140652401
140657289
140662168
140667033
140671853
140676668
140681453
140686158
140690859
140695467
140700048
140704621
140709174
140713689
140718160
140722625
140727077
140731513
140735913
140740308
140744689
140749067
140753444
140757814
140762175
140766511
140770821
140775131
140779436
140783731
140788020
140792293
140796565
140800821
140805052
140809277
140813499
140817721
140821923
140826120
140830308
140834491
140838673
140842836
140846986
140851121
140855206
140859287
140863359
140867418
140871448
140875461
140879473
140883479
140887470
140891454
140895424
140899388
140903348
140907298
140911239
140915171
140919097
140923021
140926942
140930855
140934768
140938674
140942545
140946409
140950267
140954085
140957892
140961698
140965504
140969279
140973034
140976779
140980516
140984246
140987963
140991679
140995392
140999100
141002781
141006441
141010091
141013740
141017388
141021034
141024672
141028294
141031916
141035519
141039122
141042724
141046317
141049899
141053473
141057030
141060584
141064137
141067690
141071243
141074780
141078307
141081834
141085357
141088876
141092379
141095881
141099380
141102878
141106368
141109846
141113323
141116796
141120262
141123725
141127183
141130617
141134019
141137415
141140804
141144190
141147565
141150939
141154312
141157677
141161025
141164372
141167713
141171026
141174334
141177636
141180935
141184225
141187509
141190786
141194061
141197329
141200591
141203850
141207109
141210363
141213615
141216849
141220076
141223299
141226517
141229730
141232939
141236145
141239346
141242547
141245744
141248940
141252135
141255325
141258499
141261672
141264843
141268005
141271164
141274321
141277477
141280631
141283775
141286904
141290027
141293150
141296270
141299372
141302472
141305572
141308661
141311746
141314826
141317906
141320983
141324059
141327132
141330205
141333270
141336329
141339387
141342433
141345477
141348520
141351545
141354569
141357582
141360592
141363601
141366603
141369602
141372601
141375597
141378588
141381572
141384554
141387536
141390507
141393471
141396428
141399384
141402329
141405272
141408209
141411146
141414074
141417001
141419927
141422851
141425773
141428695
141431614
141434530
141437444
141440355
141443265
141446170
141449074
141451977
141454876
141457769
141460658
141463542
141466424
141469306
141472188
141475069
141477946
141480822
141483693
141486553
141489413
141492271
141495126
141497975
141500823
141503669
141506513
141509354
141512190
141515024
141517857
141520687
141523516
141526344
141529169
141531992
141534814
141537636
141540456
141543275
141546090
141548904
141551715
141554519
141557318
141560114
141562909
141565704
141568498
141571291
141574084
141576875
141579665
141582453
141585240
141588024
141590807
141593588
141596353
141599115
141601866
141604616
141607361
141610105
141612841
141615574
141618302
141621011
141623719
141626422
141629120
141631817
141634511
141637200
141639888
141642576
141645262
141647933
141650603
141653272
141655940
141658605
141661269
141663916
141666560
141669202
141671843
141674482
141677119
141679755
141682390
141685019
141687647
141690273
141692891
141695508
141698120
141700731
141703336
141705939
141708542
141711133
141713721
141716305
141718888
141721465
141724042
141726618
141729193
141731768
141734343
141736917
141739487
141742052
141744613
141747170
141749726
141752281
141754830
141757377
141759918
141762459
141764995
141767524
141770053
141772575
141775096
141777617
141780137
141782657
141785174
141787690
141790201
141792712
141795222
141797730
141800235
141802735
141805226
141807713
141810192
141812669
141815145
141817620
141820093
141822563
141825027
141827490
141829952
141832403
141834850
141837292
141839731
141842169
141844607
141847045
141849480
141851914
141854346
141856777
141859206
141861634
141864059
141866484
141868905
141871326
141873746
141876165
141878582
141880995
141883407
141885807
141888201
141890591
141892981
141895370
141897755
141900140
141902525
141904909
141907292
141909675
141912057
141914438
141916819
141919198
141921577
141923955
141926330
141928702
141931071
141933439
141935805
141938168
141940525
141942880
141945234
141947587
141949939
141952283
141954625
141956967
141959302
141961632
141963960
141966288
141968614
141970939
141973261
141975579
141977896
141980204
141982511
141984815
141987118
141989413
141991706
141993997
141996286
141998573
142000859
142003143
142005426
142007708
142009981
142012251
142014520
142016786
142019045
142021304
142023557
142025805
142028052
142030289
142032523
142034755
142036987
142039215
142041442
142043665
142045886
142048106
142050323
142052539
142054749
142056958
142059165
142061371
142063576
142065777
142067977
142070175
142072373
142074569
142076761
142078951
142081140
142083329
142085516
142087701
142089878
142092054
142094227
142096393
142098554
142100715
142102872
142105019
142107158
142109290
142111419
142113545
142115669
142117793
142119912
142122029
142124143
142126256
142128369
142130482
142132594
142134703
142136811
142138916
142141021
142143124
142145226
142147322
142149418
142151512
142153606
142155698
142157788
142159877
142161965
142164052
142166139
142168225
142170309
142172390
142174469
142176548
142178626
142180702
142182770
142184834
142186897
142188960
142191022
142193082
142195142
142197202
142199261
142201311
142203357
142205401
142207444
142209479
142211512
142213545
142215575
142217602
142219623
142221643
142223660
142225674
142227684
142229693
142231701
142233707
142235713
142237718
142239723
142241721
142243719
142245717
142247712
142249705
142251695
142253685
142255673
142257659
142259645
142261625
142263603
142265579
142267555
142269530
142271504
142273474
142275440
142277406
142279372
142281336
142283299
142285261
142287223
142289185
142291146
142293107
142295068
142297024
142298980
142300927
142302874
142304821
142306767
142308712
142310656
142312599
142314538
142316474
142318410
142320345
142322278
142324211
142326142
142328071
142329999
142331927
142333854
142335780
142337706
142339630
142341550
142343467
142345383
142347299
142349206
142351112
142353017
142354921
142356824
142358727
142360630
142362532
142364433
142366333
142368233
142370132
142372027
142373922
142375815
142377706
142379596
142381486
142383374
142385256
142387128
142389000
142390871
142392741
142394611
142396480
142398349
142400218
142402086
142403951
142405814
142407677
142409533
142411387
142413238
142415087
142416930
142418773
142420616
142422459
142424301
142426142
142427983
142429815
142431647
142433477
142435306
142437135
142438961
142440780
142442598
142444416
142446229
142448042
142449848
142451651
142453453
142455254
142457054
142458854
142460652
142462449
142464242
142466034
142467821
142469607
142471392
142473177
142474953
142476728
142478503
142480278
142482048
142483817
142485583
142487344
142489100
142490854
142492605
142494352
142496099
142497846
142499589
142501330
142503068
142504805
142506539
142508272
142510004
142511732
142513456
142515180
142516899
142518618
142520334
142522050
142523765
142525479
142527192
142528904
142530614
142532324
142534033
142535741
142537445
142539148
142540851
142542547
142544237
142545927
142547614
142549299
142550982
142552665
142554348
142556028
142557707
142559385
142561060
142562727
142564384
142566034
142567679
142569322
142570965
142572606
142574243
142575880
142577517
142579153
142580783
142582412
142584037
142585662
142587285
142588907
142590526
142592140
142593751
142595361
142596971
142598579
142600176
142601771
142603365
142604951
142606537
142608123
142609704
142611281
142612858
142614433
142616006
142617577
142619144
142620710
142622270
142623830
142625388
142626944
142628500
142630055
142631608
142633160
142634710
142636260
142637809
142639355
142640899
142642442
142643983
142645523
142647061
142648595
142650128
142651661
142653193
142654722
142656249
142657774
142659299
142660824
142662345
142663865
142665384
142666902
142668418
142669928
142671437
142672945
142674449
142675953
142677455
142678949
142680441
142681933
142683423
142684912
142686400
142687887
142689374
142690859
142692343
142693825
142695303
142696779
142698254
142699727
142701198
142702666
142704133
142705599
142707063
142708525
142709986
142711447
142712906
142714364
142715820
142717273
142718725
142720177
142721628
142723074
142724520
142725965
142727408
142728849
142730289
142731725
142733157
142734589
142736021
142737451
142738880
142740309
142741734
142743158
142744582
142746006
142747429
142748851
142750272
142751691
142753107
142754523
142755939
142757354
142758766
142760178
142761589
142762999
142764407
142765815
142767222
142768628
142770032
142771434
142772829
142774223
142775616
142777007
142778398
142779789
142781175
142782561
142783946
142785330
142786713
142788095
142789476
142790857
142792237
142793617
142794996
142796374
142797751
142799128
142800505
142801882
142803258
142804633
142806007
142807381
142808754
142810125
142811494
142812862
142814228
142815589
142816949
142818305
142819661
142821016
142822371
142823723
142825074
142826421
142827768
142829114
142830458
142831801
142833142
142834482
142835822
142837162
142838501
142839840
142841177
142842514
142843850
142845184
142846517
142847850
142849183
142850515
142851845
142853175
142854503
142855830
142857156
142858482
142859805
142861128
142862450
142863766
142865081
142866396
142867711
142869026
142870338
142871649
142872960
142874270
142875580
142876889
142878197
142879503
142880807
142882111
142883415
142884719
142886022
142887325
142888627
142889928
142891229
142892528
142893825
142895122
142896419
142897715
142899010
142900304
142901598
142902892
142904185
142905476
142906766
142908055
142909342
142910628
142911913
142913197
142914481
142915764
142917047
142918329
142919610
142920890
142922170
142923449
142924727
142926005
142927283
142928560
142929837
142931114
142932390
142933665
142934940
142936214
142937488
142938760
142940031
142941302
142942573
142943844
142945115
142946385
142947655
142948925
142950194
142951462
142952730
142953996
142955261
142956525
142957788
142959051
142960314
142961576
142962838
142964100
142965361
142966622
142967882
142969142
142970402
142971662
142972921
142974179
142975437
142976695
142977952
142979205
142980458
142981710
142982961
142984212
142985463
142986714
142987964
142989213
142990461
142991708
142992954
142994200
142995444
142996687
142997929
142999170
143000411
143001652
143002892
143004132
143005372
143006611
143007849
143009087
143010325
143011563
143012800
143014036
143015271
143016506
143017740
143018974
143020208
143021441
143022674
143023906
143025137
143026368
143027599
143028830
143030060
143031289
143032518
143033746
143034973
143036200
143037427
143038654
143039880
143041106
143042332
143043557
143044782
143046007
143047232
143048457
143049682
143050906
143052130
143053354
143054578
143055801
143057024
143058247
143059469
143060691
143061912
143063132
143064352
143065571
143066790
143068009
143069227
143070445
143071659
143072872
143074084
143075296
143076507
143077718
143078928
143080137
143081346
143082555
143083763
143084971
143086179
143087387
143088594
143089800
143091005
143092210
143093415
143094618
143095821
143097024
143098226
143099428
143100629
143101829
143103029
143104229
143105428
143106627
143107825
143109023
143110220
143111417
143112612
143113807
143115002
143116197
143117392
143118586
143119779
143120972
143122165
143123358
143124550
143125742
143126934
143128125
143129316
143130506
143131696
143132886
143134075
143135264
143136453
143137642
143138831
143140020
143141208
143142394
143143580
143144766
143145952
143147138
143148323
143149508
143150693
143151878
143153062
143154246
143155430
143156614
143157796
143158978
143160159
143161340
143162521
143163700
143164879
143166058
143167236
143168414
143169592
143170770
143171948
143173126
143174303
143175479
143176654
143177829
143179003
143180177
143181350
143182523
143183696
143184867
143186038
143187209
143188380
143189550
143190719
143191888
143193056
143194223
143195390
143196557
143197723
143198889
143200055
143201221
143202386
143203551
143204715
143205878
143207041
143208204
143209367
143210530
143211693
143212855
143214017
143215179
143216340
143217501
143218662
143219822
143220982
143222142
143223301
143224460
143225619
143226778
143227937
143229095
143230253
143231411
143232568
143233725
143234881
143236037
143237192
143238347
143239502
143240657
143241811
143242965
143244119
143245273
143246426
143247579
143248732
143249884
143251036
143252188
143253340
143254491
143255641
143256791
143257939
143259087
143260235
143261383
143262531
143263679
143264826
143265973
143267120
143268266
143269412
143270558
143271703
143272847
143273991
143275135
143276279
143277423
143278566
143279709
143280851
143281993
143283135
143284276
143285417
143286557
143287697
143288837
143289977
143291116
143292255
143293394
143294533
143295672
143296810
143297947
143299083
143300219
143301355
143302491
143303626
143304761
143305896
143307030
143308164
143309298
143310432
143311565
143312698
143313831
143314963
143316095
143317227
143318359
143319490
143320621
143321752
143322882
143324012
143325142
143326271
143327400
143328529
143329658
143330785
143331912
143333038
143334164
143335290
143336416
143337542
143338667
143339792
143340916
143342040
143343163
143344286
143345409
143346532
143347655
143348777
143349898
143351018
143352137
143353256
143354374
143355492
143356610
143357728
143358845
143359962
143361079
143362196
143363313
143364430
143365546
143366662
143367778
143368894
143370010
143371126
143372241
143373356
143374471
143375585
143376699
143377813
143378927
143380041
143381155
143382267
143383379
143384491
143385603
143386714
143387824
143388934
143390044
143391154
143392263
143393372
143394481
143395590
143396698
143397806
143398913
143400020
143401127
143402233
143403339
143404444
143405549
143406654
143407759
143408864
143409969
143411072
143412175
143413278
143414380
143415482
143416584
143417685
143418786
143419887
143420987
143422087
143423186
143424285
143425383
143426481
143427579
143428676
143429773
143430870
143431966
143433062
143434156
143435249
143436341
143437432
143438523
143439613
143440703
143441793
143442883
143443973
143445062
143446151
143447239
143448327
143449415
143450503
143451590
143452677
143453764
143454850
143455936
143457022
143458108
143459192
143460276
143461360
143462444
143463528
143464611
143465694
143466777
143467859
143468941
143470022
143471103
143472183
143473263
143474343
143475422
143476501
143477579
143478657
143479735
143480813
143481890
143482967
143484043
143485119
143486195
143487271
143488346
143489421
143490496
143491571
143492645
143493719
143494793
143495867
143496940
143498012
143499084
143500155
143501226
143502296
143503366
143504436
143505505
143506574
143507642
143508709
143509776
143510843
143511909
143512973
143514037
143515101
143516164
143517227
143518290
143519353
143520416
143521479
143522542
143523605
143524667
143525729
143526791
143527853
143528915
143529976
143531036
143532096
143533156
143534215
143535274
143536333
143537391
143538449
143539507
143540565
143541622
143542678
143543734
143544790
143545846
143546901
143547956
143549011
143550065
143551119
143552172
143553225
143554278
143555331
143556384
143557436
143558488
143559540
143560591
143561642
143562693
143563744
143564795
143565845
143566895
143567944
143568993
143570042
143571091
143572140
143573188
143574236
143575284
143576332
143577380
143578427
143579474
143580521
143581568
143582614
143583659
143584704
143585749
143586794
143587838
143588882
143589926
143590969
143592012
143593054
143594096
143595138
143596180
143597222
143598263
143599304
143600345
143601385
143602425
143603465
143604505
143605544
143606583
143607622
143608660
143609698
143610736
143611773
143612810
143613847
143614884
143615920
143616956
143617991
143619026
143620061
143621096
143622131
143623164
143624197
143625230
143626263
143627295
143628327
143629359
143630390
143631421
143632452
143633482
143634512
143635542
143636571
143637600
143638629
143639658
143640687
143641716
143642745
143643773
143644801
143645828
143646855
143647882
143648908
143649934
143650959
143651984
143653009
143654034
143655057
143656080
143657102
143658124
143659146
143660168
143661189
143662210
143663231
143664251
143665271
143666291
143667310
143668329
143669348
143670367
143671386
143672404
143673422
143674440
143675458
143676474
143677490
143678506
143679521
143680536
143681550
143682564
143683578
143684592
143685606
143686619
143687632
143688645
143689657
143690669
143691681
143692693
143693705
143694716
143695727
143696738
143697749
143698759
143699769
143700779
143701789
143702797
143703805
143704813
143705820
143706827
143707833
143708839
143709845
143710850
143711855
143712860
143713865
143714870
143715874
143716878
143717882
143718886
143719889
143720890
143721891
143722892
143723893
143724894
143725458
143726002
