25821138
24627096
23014838
21715751
18349355
7593870
2420129
2179152
2142100
2017275
1911336
1812074
1357808
1297818
1204153
1192196
1028380
886052
816551
799643
793974
749300
748487
658670
597064
541660
522054
518745
508692
505115
441753
385577
356006
347906
334027
291050
259429
252970
251516
242986
205730
192582
188261
174237
173535
166948
166598
164293
159250
152688
149226
148839
148324
140664
140386
130705
119807
118897
116942
114051
108408
101449
95926
92253
89278
89204
86734
85545
85004
84209
82718
81496
80748
78557
73339
73199
72549
72240
70963
69837
68868
67858
66145
65797
64658
63981
62085
60482
59759
59545
58474
56770
56599
55486
55011
54604
54355
54273
53152
51298
50233
47527
47358
46559
46516
46370
45899
45072
44964
41089
39082
38931
38777
38477
38403
37441
37357
37335
37106
36957
36757
36719
36705
36137
36095
35782
34463
34190
34055
33344
32962
32659
31794
31399
31258
30485
29401
29256
28878
28664
26733
25676
25628
25496
24909
23340
23334
21701
